,Kp,Ki,IntegratorValue,Kd,StartTime
0,0.8,0.5,0,1,1701633215.3500683
